00000000101000000000010100010011
00000000101000000000010110110011
00000000000100000000011000010011
00000000000000000000010100010011
00000000001000000000011010010011
00000000110000000100111001100011
00000000000000000000011110010011
00000000110101111000011110110011
11111110101101111100111011100011
00000000111101011100010001100011
00000000110000000100100001100011
00000000000101101000011010010011
11111110101101101100010011100011
00000000101101010000010100110011
11111111111101011000010110010011
11111100101101100100101011100011
00000000101000000010111110100011
00000000000000000000000000000000
00000000000000000000000000000000
00000000000000000000000000000000
00000000000000000000000000000000
00000000000000000000000000000000
00000000000000000000000000000000
00000000000000000000000000000000
00000000000000000000000000000000
00000000000000000000000000000000
00000000000000000000000000000000
00000000000000000000000000000000
00000000000000000000000000000000
00000000000000000000000000000000
00000000000000000000000000000000
00000000000000000000000000000000